-2.163173939722281,-2.3064631060697103,-0.20707280132271766,-0.3309758244395435,-0.4420825455318527,-0.2616277220919409,-0.6166963142168248,-0.5826330971357027,-2.3064631060697103,-2.027784905085953,-0.3951660893482211,-0.2156848003469538,-0.6337230716657478,-0.24664140651472274,-0.6911874560464598,-0.4213125588756552,-0.20707280132271766,-0.3951660893482211,-1.3832166372979255,-1.0424246227617024,-0.6769928201328135,-0.5138493409071511,-0.3172239996563896,-0.6389614079777478,-0.3309758244395435,-0.2156848003469538,-1.0424246227617024,-1.381754287084475,-0.852330102024804,-0.4053845780854271,-0.7396204906654251,-0.41344393203799595,-0.4420825455318527,-0.6337230716657478,-0.6769928201328135,-0.852330102024804,-0.6978247431999706,-0.6476679438034995,-0.5311555187179248,-0.5228710848892653,-0.2616277220919409,-0.24664140651472274,-0.5138493409071511,-0.4053845780854271,-0.6476679438034995,-0.3562209563229824,-0.38993014555972233,-0.4109918859811093,-0.6166963142168248,-0.6911874560464598,-0.3172239996563896,-0.7396204906654251,-0.5311555187179248,-0.38993014555972233,-0.42039904578511295,-0.7611656990422321,-0.5826330971357027,-0.4213125588756552,-0.6389614079777478,-0.41344393203799595,-0.5228710848892653,-0.4109918859811093,-0.7611656990422321,-0.48161463087038064
-2.0235373906406884,-2.2317779414313077,0.03197561758939808,-0.08573151787683068,-0.39581567099879794,-0.2630829229907992,-0.6048591668214959,-0.3613710717794376,-2.2317779414313077,-1.8755290381909366,-0.03517867023999267,-0.05634160701437649,-0.6252226345700996,-0.15562888150917673,-0.8886536135177292,-0.19971401881424022,0.03197561758939808,-0.03517867023999267,-0.8581115693474809,-0.7035977893198438,-0.6020142918763062,-0.30918799733372937,-0.27863278131311137,-0.2660027586767342,-0.08573151787683068,-0.05634160701437649,-0.7035977893198438,-0.9766856518884318,-0.7533502865893054,-0.1253950191189994,-0.6554592034468957,-0.07480058535676941,-0.39581567099879794,-0.6252226345700996,-0.6020142918763062,-0.7533502865893054,-0.8181677625204126,-0.559338870504274,-0.7083966858141745,-0.5571897251443829,-0.2630829229907992,-0.15562888150917673,-0.30918799733372937,-0.1253950191189994,-0.559338870504274,-0.3051295104424638,-0.4482817999546966,-0.2303027938336886,-0.6048591668214959,-0.8886536135177292,-0.27863278131311137,-0.6554592034468957,-0.7083966858141745,-0.4482817999546966,-0.6949809870372216,-0.7379136696680652,-0.3613710717794376,-0.19971401881424022,-0.2660027586767342,-0.07480058535676941,-0.5571897251443829,-0.2303027938336886,-0.7379136696680652,-0.1955512370118034
-1.452575999001662,-1.7238140043306929,0.29133532879253227,0.2136034594538311,0.26457667590648554,0.328496386607488,-0.2183972528961521,-0.03703277072882657,-1.7238140043306929,-1.4479111133393807,0.10578137395892721,0.26258715219164075,0.07326631406685762,0.2573410850824334,-0.3946845454735859,-0.07907398611176086,0.29133532879253227,0.10578137395892721,-1.0804578152795632,-0.6963330123495931,-0.16349122619658094,-0.10236847928414743,-0.1591926401927791,-0.2940986263551539,0.2136034594538311,0.26258715219164075,-0.6963330123495931,-0.8121887110173702,-0.3095930134172676,0.20214267996683097,-0.3628683641378802,0.02794796492425348,0.26457667590648554,0.07326631406685762,-0.16349122619658094,-0.3095930134172676,0.09050226691306869,0.12013925859613339,-0.07627952151368407,-0.05663974932965273,0.328496386607488,0.2573410850824334,-0.10236847928414743,0.20214267996683097,0.12013925859613339,0.23861108968655267,-0.026420702317701956,-0.00958593391361092,-0.2183972528961521,-0.3946845454735859,-0.1591926401927791,-0.3628683641378802,-0.07627952151368407,-0.026420702317701956,-0.260230673814758,-0.5784561926000265,-0.03703277072882657,-0.07907398611176086,-0.2940986263551539,0.02794796492425348,-0.05663974932965273,-0.00958593391361092,-0.5784561926000265,-0.20101617431605368
0.0012412950911179837,0.0018728431532984726,0.0026126128145166332,0.004843688208219101,0.0011503643127355394,0.001294415699558666,0.001352711103270601,0.0014877771908455815,0.0018728431532984726,0.002529276847478787,0.0033369309728355657,0.00549217517581392,0.0018066742216281296,0.00197157936110957,0.0020024610688433226,0.002418305948370643,0.0026126128145166332,0.0033369309728355657,0.00418532789342585,0.0066956896900601534,0.0024473545326586985,0.002750844299536094,0.0027826206630318377,0.00293729301465058,0.004843688208219101,0.00549217517581392,0.0066956896900601534,0.009001435291486322,0.0047164799715879715,0.004762254676014582,0.004951701048008691,0.005095339083311955,0.0011503643127355394,0.0018066742216281296,0.0024473545326586985,0.0047164799715879715,0.001051791531311452,0.0012334325972045035,0.0012584275352180137,0.0014025225166759768,0.001294415699558666,0.00197157936110957,0.002750844299536094,0.004762254676014582,0.0012334325972045035,0.0014045205367082352,0.001435692035077035,0.001595669280342437,0.001352711103270601,0.0020024610688433226,0.0027826206630318377,0.004951701048008691,0.0012584275352180137,0.001435692035077035,0.0014663967274306001,0.0015669108223927391,0.0014877771908455815,0.002418305948370643,0.00293729301465058,0.005095339083311955,0.0014025225166759768,0.001595669280342437,0.0015669108223927391,0.0020627567372876027
-1.9570678211748564,-2.1110641706424436,-0.18704160329573746,-0.32310488573893587,-0.678607892693441,-0.4645657225797286,-0.7759783257545964,-0.36239755619228076,-2.1110641706424436,-2.0415297110254564,-0.42734632279722456,-0.1924505840893571,-0.7174385411802554,-0.2759193990664907,-0.968978834071701,-0.23942217494582496,-0.18704160329573746,-0.42734632279722456,-1.4130461700943322,-1.094443372894659,-0.8690635552022338,-0.5445784457188928,-0.4842172207623034,-0.4259438100603365,-0.32310488573893587,-0.1924505840893571,-1.094443372894659,-1.3785361275510954,-1.0177751358953229,-0.32167403991701327,-0.8173101872548895,-0.11016119048528579,-0.678607892693441,-0.7174385411802554,-0.8690635552022338,-1.0177751358953229,-1.045636037950938,-0.5494260427654637,-0.7836205905256746,-0.5692398979457379,-0.4645657225797286,-0.2759193990664907,-0.5445784457188928,-0.32167403991701327,-0.5494260427654637,-0.41161929256711954,-0.4644463245081833,-0.13902667474903305,-0.7759783257545964,-0.968978834071701,-0.4842172207623034,-0.8173101872548895,-0.7836205905256746,-0.4644463245081833,-0.6739365133398678,-0.7415565375355868,-0.36239755619228076,-0.23942217494582496,-0.4259438100603365,-0.11016119048528579,-0.5692398979457379,-0.13902667474903305,-0.7415565375355868,0.059036825474890774
-2.165202467626551,-2.284877402532219,0.20387206907658895,-0.07728668714872768,-0.062498223561284226,-0.200332180406212,-0.5428036026044908,-0.3996879517137271,-2.284877402532219,-2.1042975131770163,0.09457828826605426,0.2003188009162571,-0.2735189705639886,0.0506621787203884,-0.6073748207204138,-0.1632562442961593,0.20387206907658895,0.09457828826605426,-1.0952817497670633,-0.6947639741609564,-0.26843785511891827,-0.20119663566693516,-0.07412401204407122,-0.1445918690776483,-0.07728668714872768,0.2003188009162571,-0.6947639741609564,-0.999071326052165,-0.5879123268356184,0.10526431975269575,-0.5233641074076374,0.0426556825185076,-0.062498223561284226,-0.2735189705639886,-0.26843785511891827,-0.5879123268356184,-0.3198825099194473,-0.17844643273320868,-0.1858733723250243,-0.2874869923212009,-0.200332180406212,0.0506621787203884,-0.20119663566693516,0.10526431975269575,-0.17844643273320868,-0.04935529269764712,-0.18781144001454061,-0.12545014360349968,-0.5428036026044908,-0.6073748207204138,-0.07412401204407122,-0.5233641074076374,-0.1858733723250243,-0.18781144001454061,-0.3245488405227661,-0.5910591899211869,-0.3996879517137271,-0.1632562442961593,-0.1445918690776483,0.0426556825185076,-0.2874869923212009,-0.12545014360349968,-0.5910591899211869,-0.2400959506840835
-2.0693164902428784,-2.231780360763272,-0.08366554665068786,-0.12074541828284661,-0.35665927314657164,-0.22600705657775222,-0.5568480344639956,-0.5235059148979815,-2.231780360763272,-1.3593230235079925,0.029265821135292452,0.23489633544037739,-0.33713881833936465,-0.03988985034326731,-0.5156493133084713,-0.2368702354529072,-0.08366554665068786,0.029265821135292452,-1.2189364818235238,-0.85148219174395,-0.531228655478837,-0.45105383855601167,-0.36389339657766007,-0.5928560234604845,-0.12074541828284661,0.23489633544037739,-0.85148219174395,-1.0428943579706054,-0.6787135810543914,-0.1639504057044786,-0.6056514561327039,-0.231956139517185,-0.35665927314657164,-0.33713881833936465,-0.531228655478837,-0.6787135810543914,-0.5435871807763615,-0.4265365012253146,-0.5177297106736957,-0.4828190879537055,-0.22600705657775222,-0.03988985034326731,-0.45105383855601167,-0.1639504057044786,-0.4265365012253146,-0.24387521669268644,-0.4007653530837834,-0.3591712256892096,-0.5568480344639956,-0.5156493133084713,-0.36389339657766007,-0.6056514561327039,-0.5177297106736957,-0.4007653530837834,-0.47673195081983777,-0.804992207837632,-0.5235059148979815,-0.2368702354529072,-0.5928560234604845,-0.231956139517185,-0.4828190879537055,-0.3591712256892096,-0.804992207837632,-0.3990886422492204
-1.8875845856964588,-2.1315804993112897,0.13849651192625353,0.1264835032931617,-0.25964575229833525,-0.07736260338516865,-0.508533252713581,-0.1549616720682285,-2.1315804993112897,-1.7838595770299464,0.050928226361670485,0.32456193712096765,-0.3417801385124539,-0.025455922386467322,-0.6076636749009307,0.06809949874881238,0.13849651192625353,0.050928226361670485,-0.913935431589683,-0.42282949641169115,-0.29268338282903045,-0.18092726748577595,-0.05287433726092187,-0.1294861710484493,0.1264835032931617,0.32456193712096765,-0.42282949641169115,-0.6240203305484552,-0.4511885630290557,0.1824263143325813,-0.247124908772692,0.2671924078513681,-0.25964575229833525,-0.3417801385124539,-0.29268338282903045,-0.4511885630290557,-0.5807629140714804,-0.3646967391187135,-0.43959025386720896,-0.2804920182873459,-0.07736260338516865,-0.025455922386467322,-0.18092726748577595,0.1824263143325813,-0.3646967391187135,-0.17260088498675494,-0.1957111636811677,-0.0008809614940320509,-0.508533252713581,-0.6076636749009307,-0.05287433726092187,-0.247124908772692,-0.43959025386720896,-0.1957111636811677,-0.3633755073145342,-0.4694450014115275,-0.1549616720682285,0.06809949874881238,-0.1294861710484493,0.2671924078513681,-0.2804920182873459,-0.0008809614940320509,-0.4694450014115275,-0.03566139874352051
-1.7269436431584644,-2.2691674549211007,0.2525152307195604,0.020090516654858243,-0.12901095580268665,0.19089874838158838,-0.43664331653474053,-0.19487504056180346,-2.2691674549211007,-1.9907542628546555,-0.047904111045392085,0.0830901637734011,-0.3126424150458906,0.12234945995266015,-0.7905548096944899,-0.24939755784641107,0.2525152307195604,-0.047904111045392085,-1.0395942160940006,-0.765035857972193,-0.3623760399055829,-0.03592112561935582,-0.17890279762227612,-0.24494910867337957,0.020090516654858243,0.0830901637734011,-0.765035857972193,-1.0584037937102646,-0.638951619607051,0.15562968325629956,-0.49469110989957804,0.019155251026798787,-0.12901095580268665,-0.3126424150458906,-0.3623760399055829,-0.638951619607051,-0.4106380784098176,-0.15308611656491522,-0.457811970197261,-0.3686821881255978,0.19089874838158838,0.12234945995266015,-0.03592112561935582,0.15562968325629956,-0.15308611656491522,0.2978748759161388,0.018444271043393006,0.11566743732600782,-0.43664331653474053,-0.7905548096944899,-0.17890279762227612,-0.49469110989957804,-0.457811970197261,0.018444271043393006,-0.5228675628701867,-0.6339277182672968,-0.19487504056180346,-0.24939755784641107,-0.24494910867337957,0.019155251026798787,-0.3686821881255978,0.11566743732600782,-0.6339277182672968,-0.1459406878112833
-1.6753520223622524,-2.0127818360062033,0.11886243072027476,-0.2286701295606778,-0.09440700088182773,0.029126089621458795,-0.5421121864265238,-0.37412682552355975,-2.0127818360062033,-1.9771588042515689,-0.025862804062081895,-0.1946174461234681,-0.46104902516360635,-0.10448862951674488,-0.7658412741949903,-0.352732901106619,0.11886243072027476,-0.025862804062081895,-0.8790853035946781,-0.8148046149954231,-0.43908773129051065,-0.19871406046413398,-0.24617108414686775,-0.33729485069556936,-0.2286701295606778,-0.1946174461234681,-0.8148046149954231,-1.2902213405050307,-0.8013316434426433,-0.2202245524736731,-0.7602728101580484,-0.325496692881418,-0.09440700088182773,-0.46104902516360635,-0.43908773129051065,-0.8013316434426433,-0.5329768915199175,-0.3451962139417948,-0.44811942682893324,-0.41285611459695404,0.029126089621458795,-0.10448862951674488,-0.19871406046413398,-0.2202245524736731,-0.3451962139417948,-0.028512324958792228,-0.18071927547309927,-0.2152116057607629,-0.5421121864265238,-0.7658412741949903,-0.24617108414686775,-0.7602728101580484,-0.44811942682893324,-0.18071927547309927,-0.5179168064915455,-0.7606536989282571,-0.37412682552355975,-0.352732901106619,-0.33729485069556936,-0.325496692881418,-0.41285611459695404,-0.2152116057607629,-0.7606536989282571,-0.3287752752720005
-1.6644812331845362,-2.093786122432599,0.5078286435455084,0.37046797418340893,0.21247965935617677,0.33365992402492756,-0.27535071503371,0.14755135495215654,-2.093786122432599,-1.786772473094363,0.3073346048283085,0.4896178327810754,0.03170783010621905,0.3395397317765538,-0.5290099427414433,0.17888933389137232,0.5078286435455084,0.3073346048283085,-0.7607638121893009,-0.37046708051159194,-0.08333267904041963,0.14437936347433714,0.09344929767151673,0.01953105287005504,0.37046797418340893,0.4896178327810754,-0.37046708051159194,-0.7498300398390522,-0.2396265951296206,0.33306443761243065,-0.26446465534784047,0.31122215356051774,0.21247965935617677,0.03170783010621905,-0.08333267904041963,-0.2396265951296206,-0.016039540991187245,0.1555187541540343,-0.06186918167319777,0.17903469477945078,0.33365992402492756,0.3395397317765538,0.14437936347433714,0.33306443761243065,0.1555187541540343,0.2968992182703572,0.08750926990517766,0.32704132492799354,-0.27535071503371,-0.5290099427414433,0.09344929767151673,-0.26446465534784047,-0.06186918167319777,0.08750926990517766,-0.37168277365465957,-0.4375045821070671,0.14755135495215654,0.17888933389137232,0.01953105287005504,0.31122215356051774,0.17903469477945078,0.32704132492799354,-0.4375045821070671,0.2133298603196939
-1.7327040662914965,-1.9874473505559411,0.4297402869326148,0.20578402594723064,-0.02183316763137914,0.12053126034231469,-0.2093223173134254,0.12542186878833675,-1.9874473505559411,-1.8187692817186554,0.3124810825159033,0.18483095973679242,-0.1671786805932132,0.08858430556902086,-0.45701303425606293,0.14903184927325266,0.4297402869326148,0.3124810825159033,-0.6631746773297588,-0.4137792848050592,-0.23787963710743062,-0.035713245471318565,0.16721887281164527,0.09814061565942589,0.20578402594723064,0.18483095973679242,-0.4137792848050592,-0.7514134078616427,-0.4803835815813924,0.02478491918494326,-0.17915559334990858,0.1735668902983596,-0.02183316763137914,-0.1671786805932132,-0.23787963710743062,-0.4803835815813924,-0.39817913362171,-0.29820491414534916,-0.26047147634146484,-0.04796175823878098,0.12053126034231469,0.08858430556902086,-0.035713245471318565,0.02478491918494326,-0.29820491414534916,-0.13454108405858278,0.03031346605469783,0.1322117998885316,-0.2093223173134254,-0.45701303425606293,0.16721887281164527,-0.17915559334990858,-0.26047147634146484,0.03031346605469783,-0.136596968707939,-0.18038428233318504,0.12542186878833675,0.14903184927325266,0.09814061565942589,0.1735668902983596,-0.04796175823878098,0.1322117998885316,-0.18038428233318504,0.26568455652638323
-2.030535725876689,-2.380400542354534,-0.12458262033777744,-0.4366167650790391,-0.3807883942775427,-0.13718797723655976,-0.7902674399762576,-0.45395815279334784,-2.380400542354534,-2.181406866507629,-0.343581117874506,-0.3015659612199541,-0.5981294909131524,-0.21242213142775057,-0.9435223613986099,-0.3694617498650648,-0.12458262033777744,-0.343581117874506,-1.3531883700443768,-1.1496414782558242,-0.709615799315694,-0.49634200364882636,-0.5436259160731938,-0.529140458908104,-0.4366167650790391,-0.3015659612199541,-1.1496414782558242,-1.4343069010568417,-0.9437964209785811,-0.38672878877303357,-0.8868888816853963,-0.4569202221231041,-0.3807883942775427,-0.5981294909131524,-0.709615799315694,-0.9437964209785811,-0.5366255132411915,-0.45683300233302077,-0.6154685956216578,-0.45496599410002414,-0.13718797723655976,-0.21242213142775057,-0.49634200364882636,-0.38672878877303357,-0.45683300233302077,-0.07828808263972557,-0.39998541068295473,-0.17458389046805678,-0.7902674399762576,-0.9435223613986099,-0.5436259160731938,-0.8868888816853963,-0.6154685956216578,-0.39998541068295473,-0.6777047479796857,-0.8741620132835433,-0.45395815279334784,-0.3694617498650648,-0.529140458908104,-0.4569202221231041,-0.45496599410002414,-0.17458389046805678,-0.8741620132835433,-0.09469782809416454
-2.3741238067547688,-2.677729517062455,-0.1298639783897644,-0.3338972957160347,-0.5397277344041819,-0.36145163668851393,-0.6872719013937806,-0.7321493319602833,-2.677729517062455,-2.5193987634578128,-0.3879621199866565,-0.16898916459337462,-0.8185016715419083,-0.4680731853733777,-0.9412747352841278,-0.6135325469560983,-0.1298639783897644,-0.3879621199866565,-1.345074602144667,-0.9448749280462375,-0.7165030831911604,-0.5066699326912035,-0.3802881163370541,-0.6236073756598396,-0.3338972957160347,-0.16898916459337462,-0.9448749280462375,-1.1926464798502463,-0.9534539623030591,-0.34386775471564107,-0.6381228578437923,-0.38883534133142134,-0.5397277344041819,-0.8185016715419083,-0.7165030831911604,-0.9534539623030591,-0.9043833475296496,-0.7426911063972442,-0.6606252683069099,-0.7658900528294912,-0.36145163668851393,-0.4680731853733777,-0.5066699326912035,-0.34386775471564107,-0.7426911063972442,-0.4678442478161909,-0.41831298854095933,-0.4712888256694228,-0.6872719013937806,-0.9412747352841278,-0.3802881163370541,-0.6381228578437923,-0.6606252683069099,-0.41831298854095933,-0.5331336858741224,-0.8502962159893785,-0.7321493319602833,-0.6135325469560983,-0.6236073756598396,-0.38883534133142134,-0.7658900528294912,-0.4712888256694228,-0.8502962159893785,-0.5435796764481905
0.18795521895261538,-0.03820406332829288,-0.06076277195484062,0.06233955201300454,-0.1673620335729981,-0.047801861497417754,-0.06494889536080824,0.2191830287176811,-0.03820406332829288,0.08186315008144263,-0.008071613697712365,0.03298294897283865,-0.0006161640792458437,-0.026111827054060417,-0.09352120801402819,0.06344960220872171,-0.06076277195484062,-0.008071613697712365,-0.15022012028361922,-0.14183262068705038,-0.10893233042505202,-0.234396434541015,-0.01842112776807762,0.03713605328168157,0.06233955201300454,0.03298294897283865,-0.14183262068705038,0.04681473871979128,-0.16202538839147998,0.09817905812752716,-0.012054325436130442,0.0598379274930678,-0.1673620335729981,-0.0006161640792458437,-0.10893233042505202,-0.16202538839147998,0.03802862449409498,-0.1470139519046055,0.012007064616152974,-0.01168426742916869,-0.047801861497417754,-0.026111827054060417,-0.234396434541015,0.09817905812752716,-0.1470139519046055,-0.05121527056970265,-0.14983785105543154,-0.129860488966262,-0.06494889536080824,-0.09352120801402819,-0.01842112776807762,-0.012054325436130442,0.012007064616152974,-0.14983785105543154,-0.22519108625578946,-0.0926987500440634,0.2191830287176811,0.06344960220872171,0.03713605328168157,0.0598379274930678,-0.01168426742916869,-0.129860488966262,-0.0926987500440634,0.16425100384450886
-1.7193318738912693,-1.9106312917714423,0.32094017206690445,0.2502913333785955,-0.05488766590134068,0.26527782980159437,-0.4354172712243433,0.055095016490660474,-1.9106312917714423,-2.1031838873739104,-0.07240922761597046,0.15488143912379632,-0.35989131100302246,0.01121049959814513,-0.7558350587348214,-0.09488796897679874,0.32094017206690445,-0.07240922761597046,-1.1746299308724701,-0.6069345043506473,-0.5195870333506415,-0.15092655852939907,-0.3213836564733841,-0.3011366232143094,0.2502913333785955,0.15488143912379632,-0.6069345043506473,-0.6746645470460256,-0.4913196098059416,0.23914827468923008,-0.387833769748783,0.17779153119772673,-0.05488766590134068,-0.35989131100302246,-0.5195870333506415,-0.4913196098059416,-0.5249165569742521,-0.219511001056122,-0.5335685419901469,-0.2958264922102292,0.26527782980159437,0.01121049959814513,-0.15092655852939907,0.23914827468923008,-0.219511001056122,0.24468213817340687,-0.1645909403459361,0.13114127517174956,-0.4354172712243433,-0.7558350587348214,-0.3213836564733841,-0.387833769748783,-0.5335685419901469,-0.1645909403459361,-0.5448192733753241,-0.6695670980701106,0.055095016490660474,-0.09488796897679874,-0.3011366232143094,0.17779153119772673,-0.2958264922102292,0.13114127517174956,-0.6695670980701106,0.023439995323618252
-2.485746713976065,-2.8827081042497107,-0.14951621554784875,-0.46782683519036444,-0.7083325115949811,-0.6782366109158223,-1.0576137122698128,-0.7929756324738264,-2.8827081042497107,-2.646448901388794,-0.29837926531513925,-0.3956209488679803,-0.9139336051094932,-0.5745473503290365,-1.184089131730919,-0.674492833747839,-0.14951621554784875,-0.29837926531513925,-1.0237134248016855,-0.9079361609183626,-0.6279511485854975,-0.5321493740192841,-0.48532088442388077,-0.5394257704416205,-0.46782683519036444,-0.3956209488679803,-0.9079361609183626,-1.1957652181544327,-0.93819435406347,-0.5520507209004052,-1.011252196195333,-0.4111570157111771,-0.7083325115949811,-0.9139336051094932,-0.6279511485854975,-0.93819435406347,-0.9037148111937497,-0.8285778136909904,-1.0047790979331634,-0.7972273583665145,-0.6782366109158223,-0.5745473503290365,-0.5321493740192841,-0.5520507209004052,-0.8285778136909904,-0.745249725257357,-0.7310571641040345,-0.7678666537006696,-1.0576137122698128,-1.184089131730919,-0.48532088442388077,-1.011252196195333,-1.0047790979331634,-0.7310571641040345,-0.9816873154292504,-1.1428486422325175,-0.7929756324738264,-0.674492833747839,-0.5394257704416205,-0.4111570157111771,-0.7972273583665145,-0.7678666537006696,-1.1428486422325175,-0.5482300296425819
-2.2200977926452956,-2.463125031593932,-0.14326544160333773,-0.3716348100764056,-0.5719617006058494,-0.2019318174570799,-0.8361729754445454,-0.6463328721001744,-2.463125031593932,-2.2930145316392054,-0.23011409545353892,-0.41495985009744113,-0.7845765151211306,-0.2553120567435954,-1.0134455664055977,-0.6294249248042637,-0.14326544160333773,-0.23011409545353892,-1.2574483514763415,-0.9987692411523312,-0.7449971610525002,-0.41957451954173547,-0.49417555417555076,-0.6015100912967076,-0.3716348100764056,-0.41495985009744113,-0.9987692411523312,-1.3469132610286276,-1.032140259941419,-0.31912608025595546,-1.0478507607864838,-0.5147314262576401,-0.5719617006058494,-0.7845765151211306,-0.7449971610525002,-1.032140259941419,-0.8482611707877368,-0.576330769341439,-0.8688438136790259,-0.7327976565187176,-0.2019318174570799,-0.2553120567435954,-0.41957451954173547,-0.31912608025595546,-0.576330769341439,-0.24707880367835364,-0.46017059776932,-0.3125091294447581,-0.8361729754445454,-1.0134455664055977,-0.49417555417555076,-1.0478507607864838,-0.8688438136790259,-0.46017059776932,-0.9161717711637417,-1.0886809147583942,-0.6463328721001744,-0.6294249248042637,-0.6015100912967076,-0.5147314262576401,-0.7327976565187176,-0.3125091294447581,-1.0886809147583942,-0.5569126034776369
0.11731528856544789,0.05366962792347607,0.06838390797226879,0.03553947314922586,0.06886503728577746,0.021061098023691566,0.04005755857870715,0.014165869670499376,0.05366962792347607,0.029127407242055387,0.04274532625059398,-0.018569818987143567,0.0468853379245715,-0.010845008689530903,0.04315678346698112,-0.013107603836391016,0.06838390797226879,0.04274532625059398,0.0718490295502671,0.04484332598252886,0.04833049541558173,0.019314057222902508,0.02987303502135556,-0.011215957867285908,0.03553947314922586,-0.018569818987143567,0.04484332598252886,-0.0034880527349680315,-0.030257921659291753,0.003951207539811559,-0.030908183537327716,0.003750294100676399,0.06886503728577746,0.0468853379245715,0.04833049541558173,-0.030257921659291753,0.10261032767230678,0.00517527794745154,0.020689143576364682,0.02664291379818688,0.021061098023691566,-0.010845008689530903,0.019314057222902508,0.003951207539811559,0.00517527794745154,0.003761170606550198,-0.015404248418436498,-0.019454927985153508,0.04005755857870715,0.04315678346698112,0.02987303502135556,-0.030908183537327716,0.020689143576364682,-0.015404248418436498,0.03701935457648394,0.020877171535879313,0.014165869670499376,-0.013107603836391016,-0.011215957867285908,0.003750294100676399,0.02664291379818688,-0.019454927985153508,0.020877171535879313,-0.019644214686553124
-1.6767211981739247,-2.126182031041664,0.19284519227277408,0.200083761010287,-0.030023652131474954,0.25317777801908575,-0.33661818333594223,-0.02530623261800591,-2.126182031041664,-2.0575290123621626,-0.19004226367240773,0.06386144210894888,-0.3682165124168842,-0.13440434493606748,-0.8089604281509918,-0.2925603258918273,0.19284519227277408,-0.19004226367240773,-1.0942036869613452,-0.6649781236380338,-0.44108452314398267,-0.23545211957101886,-0.2133471506331425,-0.359652379405832,0.200083761010287,0.06386144210894888,-0.6649781236380338,-0.8017600886523724,-0.48938474183538033,0.020845580845929617,-0.4742722039421399,0.0641763605769181,-0.030023652131474954,-0.3682165124168842,-0.44108452314398267,-0.48938474183538033,-0.43735923432327256,-0.24742298744268945,-0.4228706207772938,-0.31409267634701166,0.25317777801908575,-0.13440434493606748,-0.23545211957101886,0.020845580845929617,-0.24742298744268945,0.09627468387257543,-0.21753923408701278,-0.09165892085986556,-0.33661818333594223,-0.8089604281509918,-0.2133471506331425,-0.4742722039421399,-0.4228706207772938,-0.21753923408701278,-0.5104805901646614,-0.6797372547007399,-0.02530623261800591,-0.2925603258918273,-0.359652379405832,0.0641763605769181,-0.31409267634701166,-0.09165892085986556,-0.6797372547007399,-0.10081621235197709
